1/17/2006,37.150001525878906,37.150001525878906,37.150001525878906,37.150001525878906,125
1/16/2006,37.150001525878906,37.150001525878906,37.150001525878906,37.139999389648437,5055
1/12/2006,40.819999694824219,35.380001068115234,36,35,940
1/4/2006,42.389999389648438,39.5,39.5,39.5,132
1/3/2006,47.529998779296875,42.389999389648438,44,39.900001525878906,990
1/2/2006,49.950000762939453,47.529998779296875,50,36,2665
12/28/2005,36.020000457763672,36.939998626708984,37,36.020000457763672,598
12/27/2005,36.950000762939453,36.020000457763672,37,34.5,575
12/26/2005,35.029998779296875,34.669998168945313,35,34,1707
12/21/2005,32,34.049999237060547,34.950000762939453,33.950000762939453,200
12/20/2005,32.849998474121094,32,32,32,101
12/19/2005,33.360000610351563,32.849998474121094,35.799999237060547,30.049999237060547,205
12/15/2005,33.860000610351563,34,35,34,2116
12/14/2005,34.990001678466797,33.860000610351563,34.990001678466797,33.840000152587891,352
12/13/2005,33.659999847412109,33.419998168945312,33.659999847412109,33.330001831054688,1444
12/12/2005,35.75,35.279998779296875,35.830001831054688,33.909999847412109,390
12/8/2005,31,35.950000762939453,39.5,31,3809
12/7/2005,20.739999771118164,30.899999618530273,30.899999618530273,27.5,6361
12/5/2005,19.520000457763672,20.739999771118164,24.600000381469727,24.600000381469727,24
11/30/2005,19.520000457763672,19.520000457763672,19.5,19.5,1
11/23/2005,20,19.520000457763672,20.5,19.5,1025
11/21/2005,19.5,20,20,20,334
11/8/2005,18.5,18.5,18.5,18.5,400
10/27/2005,17.379999160766602,18,18,18,300
10/11/2005,15,16.5,16.5,16.5,659
10/6/2005,16,16,16,16,616
9/6/2005,16,16,16,16,61
9/5/2005,16,16,16,16,130
8/18/2005,16,16,16,16,470
8/9/2005,16,16,16,16,716
8/8/2005,16,16,16,16,437
8/3/2005,15.680000305175781,16,16,16,207
7/12/2005,19.5,15.680000305175781,15.010000228881836,15.010000228881836,27
7/6/2005,19.5,15.850000381469727,15.850000381469727,15.850000381469727,1
6/27/2005,19.5,15.850000381469727,15.850000381469727,15.850000381469727,155
6/22/2005,19.5,16.010000228881836,16.479999542236328,15,1357
6/21/2005,19.5,16.450000762939453,17.899999618530273,15,200
6/20/2005,19.5,16,16,16,100
6/16/2005,19.5,18,18,18,200
5/19/2005,19.5,20.399999618530273,20.399999618530273,20.399999618530273,23
5/2/2005,19.5,20.399999618530273,20.399999618530273,20.399999618530273,110
4/21/2005,19.5,18.819999694824219,18.530000686645508,18.530000686645508,70
4/12/2005,19.5,19.5,19.5,19.5,196
4/11/2005,19.5,19.5,19.5,19.5,196
4/7/2005,19.5,19.5,19.5,19.5,867
4/6/2005,19.5,19.5,19.5,19.5,867
4/5/2005,19.5,19.5,19.5,19.5,867
4/4/2005,19.5,19.5,19.5,19.5,172
3/31/2005,19.5,19.5,19.5,19.5,172
3/30/2005,19.450000762939453,19.5,19.5,19.5,172
3/29/2005,19.5,19.450000762939453,19.5,19.299999237060547,341
3/28/2005,19.5,19.5,19.5,19.5,110
3/24/2005,19.5,19.5,19.5,19.5,110
3/23/2005,19.5,19.5,19.5,19.5,110
3/22/2005,19.5,19.5,19.5,19.5,110
3/21/2005,19.5,19.5,19.5,19.5,110
3/17/2005,19.5,19.5,19.5,19.5,110
3/16/2005,19.5,19.5,19.5,19.5,110
3/15/2005,19.5,19.5,19.5,19.5,110
3/14/2005,18.5,19.5,19.5,19.5,110
3/10/2005,18.5,18.5,18.5,18.5,405
3/9/2005,18.5,18.5,18.5,18.5,110
3/8/2005,18.620000839233398,18.5,18.5,18.5,110
3/7/2005,18.620000839233398,18.620000839233398,18.620000839233398,18.620000839233398,282
3/3/2005,18.620000839233398,18.620000839233398,18.620000839233398,18.620000839233398,282
3/2/2005,17.729999542236328,18.620000839233398,18.620000839233398,18.620000839233398,282
3/1/2005,17.729999542236328,17.729999542236328,17.729999542236328,17.729999542236328,370
2/28/2005,17.729999542236328,17.729999542236328,17.729999542236328,17.729999542236328,370
2/24/2005,17.729999542236328,17.729999542236328,17.729999542236328,17.729999542236328,370
2/23/2005,17.729999542236328,17.729999542236328,17.729999542236328,17.729999542236328,370
2/22/2005,17.25,17.729999542236328,18.799999237060547,17.010000228881836,370
2/21/2005,17.989999771118164,18.260000228881836,19.489999771118164,17.030000686645508,392
2/17/2005,17.549999237060547,17.989999771118164,19.540000915527344,17.549999237060547,455
2/16/2005,19.549999237060547,19.549999237060547,19.549999237060547,19.549999237060547,322
2/15/2005,19.549999237060547,19.549999237060547,19.549999237060547,19.549999237060547,322
2/14/2005,19.549999237060547,19.549999237060547,19.549999237060547,19.549999237060547,322
2/10/2005,19.549999237060547,19.549999237060547,19.549999237060547,19.549999237060547,322
2/9/2005,19.950000762939453,19.549999237060547,19.549999237060547,19.5,322
2/8/2005,19.950000762939453,19.950000762939453,19.950000762939453,19.950000762939453,2
2/7/2005,19.950000762939453,19.950000762939453,19.950000762939453,19.950000762939453,2
2/3/2005,19.950000762939453,19.950000762939453,19.950000762939453,19.950000762939453,2
2/2/2005,19.950000762939453,19.950000762939453,19.950000762939453,19.950000762939453,2
2/1/2005,19.950000762939453,19.950000762939453,19.950000762939453,19.950000762939453,2
1/31/2005,19.950000762939453,19.950000762939453,19.950000762939453,19.950000762939453,2
1/27/2005,19.950000762939453,19.950000762939453,19.950000762939453,19.950000762939453,2
1/26/2005,19.950000762939453,19.950000762939453,19.950000762939453,19.950000762939453,2
1/25/2005,19.950000762939453,19.950000762939453,19.950000762939453,19.950000762939453,2
1/24/2005,19.950000762939453,19.950000762939453,19.950000762939453,19.950000762939453,2
1/20/2005,19.950000762939453,19.950000762939453,19.950000762939453,19.950000762939453,2
1/19/2005,19.950000762939453,19.950000762939453,19.950000762939453,19.950000762939453,2
1/18/2005,19.950000762939453,19.950000762939453,19.950000762939453,19.950000762939453,2
1/17/2005,19.950000762939453,19.950000762939453,19.950000762939453,19.950000762939453,2
1/13/2005,18.510000228881836,19.950000762939453,18.510000228881836,18.510000228881836,2
1/12/2005,19.979999542236328,19.979999542236328,19.979999542236328,19.979999542236328,120
1/11/2005,19.979999542236328,19.979999542236328,19.979999542236328,19.979999542236328,120
1/10/2005,19.979999542236328,19.979999542236328,19.979999542236328,19.979999542236328,120
1/6/2005,18,19.979999542236328,19.979999542236328,19.979999542236328,120
1/5/2005,18,18,18,18,66
1/4/2005,18,18,18,18,66
1/3/2005,18,18,18,18,66
12/30/2004,18,18,18,18,66
12/29/2004,18,18,18,18,520
12/28/2004,19,18,18,18,520
12/27/2004,19,19,19,19,203
12/23/2004,19.989999771118164,19.989999771118164,19.989999771118164,19.989999771118164,101
12/22/2004,19.989999771118164,19.989999771118164,19.989999771118164,19.989999771118164,101
12/21/2004,19.989999771118164,19.989999771118164,19.989999771118164,19.989999771118164,101
12/20/2004,19.590000152587891,19.989999771118164,19.989999771118164,19.979999542236328,101
12/16/2004,19.760000228881836,19.590000152587891,19.5,19.5,66
12/15/2004,23.139999389648438,24.159999847412109,25,23.899999618530273,320
12/14/2004,23.139999389648438,23.139999389648438,23.139999389648438,23.139999389648438,420
12/13/2004,21.799999237060547,23.139999389648438,23.5,23,420
12/9/2004,19.899999618530273,20.469999313354492,19.899999618530273,19.899999618530273,1
12/8/2004,17.100000381469727,20.469999313354492,20.799999237060547,20,625
12/7/2004,17.100000381469727,17.100000381469727,17.100000381469727,17.100000381469727,2
12/6/2004,17.100000381469727,17.100000381469727,17.100000381469727,17.100000381469727,2
12/2/2004,17.100000381469727,17.100000381469727,17.100000381469727,17.100000381469727,2
12/1/2004,17.100000381469727,17.100000381469727,17.100000381469727,17.100000381469727,2
11/30/2004,17.100000381469727,17.100000381469727,17.100000381469727,17.100000381469727,2
11/29/2004,17.100000381469727,17.100000381469727,17.100000381469727,17.100000381469727,2
11/25/2004,17.100000381469727,17.100000381469727,17.100000381469727,17.100000381469727,2
11/24/2004,17.100000381469727,17.100000381469727,17.100000381469727,17.100000381469727,2
11/23/2004,17.100000381469727,17.100000381469727,17.100000381469727,17.100000381469727,2
11/22/2004,17.100000381469727,17.100000381469727,17.100000381469727,17.100000381469727,2
11/18/2004,17.100000381469727,17.100000381469727,17.100000381469727,17.100000381469727,2
11/17/2004,17.100000381469727,17.100000381469727,17.100000381469727,17.100000381469727,2
11/16/2004,17.100000381469727,17.100000381469727,17.100000381469727,17.100000381469727,2
11/15/2004,17.100000381469727,17.100000381469727,17.100000381469727,17.100000381469727,2
11/11/2004,17.100000381469727,17.100000381469727,17.100000381469727,17.100000381469727,2
11/10/2004,17.100000381469727,17.100000381469727,17.100000381469727,17.100000381469727,2
11/9/2004,12.050000190734863,17.100000381469727,12.050000190734863,12.050000190734863,2
11/8/2004,17.190000534057617,17.190000534057617,17.190000534057617,17.190000534057617,13
11/4/2004,17.190000534057617,17.190000534057617,17.190000534057617,17.190000534057617,13
5/29/2006,81.029998779296875,81,81,81,25
5/25/2006,74.80999755859375,74.129997253417969,76,72.949996948242187,1149
5/23/2006,78.5,77.660003662109375,78.5,75,1019
5/22/2006,87.879997253417969,82.05999755859375,87.879997253417969,78.5,1509
5/18/2006,89,91.599998474121094,91.69000244140625,85,1566
5/17/2006,92,90.339996337890625,92,89,3432
5/16/2006,87.900001525878906,92.879997253417969,93.5,83.839996337890625,6272
5/15/2006,84.30999755859375,83.010002136230469,83.010002136230469,83.010002136230469,25
5/11/2006,81.839996337890625,86.55999755859375,87.989997863769531,81.839996337890625,902
5/10/2006,75.099998474121094,80,81.860000610351563,75.099998474121094,5266
5/9/2006,74.239997863769531,75.099998474121094,75.099998474121094,75,768
5/8/2006,80.470001220703125,74.239997863769531,78.800003051757813,62,2170
5/4/2006,88.150001525878906,85.720001220703125,88,85,287
5/1/2006,90.029998779296875,88.150001525878906,88.879997253417969,87.5,141
4/27/2006,90.889999389648438,89.199996948242188,90,88.540000915527344,283
4/26/2006,93.660003662109375,90.889999389648438,93.5,88,880
4/25/2006,93.489997863769531,93.660003662109375,94,92,1977
4/24/2006,93.489997863769531,93.300003051757813,94.099998474121094,93,146
4/20/2006,92.650001525878906,91.339996337890625,92.75,90,1258
4/17/2006,95,92.650001525878906,96,91.800003051757813,8831
4/11/2006,81.830001831054688,84.650001525878906,85,81.830001831054688,120
4/10/2006,81.25,81.830001831054688,83.099998474121094,81.25,800
4/6/2006,81.25,81.25,81.25,81.25,224
4/5/2006,81.430000305175781,81.25,83,79,746
4/4/2006,79.720001220703125,81.430000305175781,82.989997863769531,79.720001220703125,478
4/3/2006,75.099998474121094,79.540000915527344,79.720001220703125,75.099998474121094,25
3/30/2006,83.669998168945313,82.180000305175781,84.199996948242188,79,411
3/29/2006,87,83.669998168945313,87,83.5,627
3/27/2006,88.660003662109375,87.44000244140625,89.889999389648438,87.010002136230469,861
3/23/2006,89.989997863769531,90.480003356933594,91.589996337890625,88.629997253417969,2121
3/22/2006,90.55999755859375,87.30999755859375,90.55999755859375,87,2641
3/21/2006,91.44000244140625,90.55999755859375,91.44000244140625,90,1823
3/20/2006,93.389999389648437,91.44000244140625,93.449996948242188,90.819999694824219,4939
3/16/2006,81.349998474121094,83.930000305175781,83.989997863769531,79,4950
3/15/2006,78,81.349998474121094,81.980003356933594,78,7415
3/13/2006,76.75,75.360000610351563,76.75,75.300003051757813,2580
3/9/2006,75,76.05999755859375,76.75,75,330
3/8/2006,72.529998779296875,76.30999755859375,77.05999755859375,71.5,2567
3/7/2006,74.44000244140625,72.529998779296875,75.779998779296875,70,1098
3/2/2006,79.790000915527344,78.989997863769531,79.989997863769531,78.5,860
3/1/2006,78.989997863769531,78.569999694824219,78.989997863769531,77,424
2/28/2006,71.970001220703125,77.419998168945313,78.449996948242188,71.970001220703125,2014
2/27/2006,67.800003051757813,71.970001220703125,73.379997253417969,67.800003051757813,1949
2/23/2006,77.199996948242188,71.169998168945313,77.980003356933594,71,4542
2/22/2006,82,76.110000610351562,82,74.5,3044
2/21/2006,82.699996948242188,82.860000610351562,85.900001525878906,81.099998474121094,3364
2/20/2006,90.980003356933594,82.699996948242188,90.980003356933594,74,16861
2/16/2006,81,89.680000305175781,94.129997253417969,79.5,42309
2/15/2006,68.5,77.080001831054687,77.69000244140625,68.5,11724
2/14/2006,68.209999084472656,68.209999084472656,68.209999084472656,68.199996948242188,543
2/13/2006,69.610000610351563,68.209999084472656,69.610000610351563,68,1283
2/8/2006,52.900001525878906,60.720001220703125,65.5,52.180000305175781,965
2/7/2006,50.189998626708984,52.900001525878906,54.889999389648438,52,2341
2/6/2006,46.229999542236328,50.189998626708984,58.900001525878906,48.299999237060547,5430
2/2/2006,45.299999237060547,45.860000610351563,49.990001678466797,44.970001220703125,1470
2/1/2006,45.299999237060547,45.299999237060547,45.299999237060547,45.299999237060547,198
1/25/2006,41,45.479999542236328,48.990001678466797,41.799999237060547,708
1/23/2006,38.180000305175781,41,41,41,54
1/19/2006,38.200000762939453,38.180000305175781,38.200000762939453,38,468
1/18/2006,37.150001525878906,38.200000762939453,38.990001678466797,38,388
